3776888
3776899
3776913
3776927
3776929
3776955
3776999
3777017
3777088
3777115
3777118
3777127
3777142
3777159
3777179
3777188
3777191
3777215
3777733
3777735
3777781
3777835
3777851
3777885
3777890
3777891
3777943
3777977
3777988
3777993
3777994
3778003
3778011
3778024
3778079
3778081
3778117
3778170
3779273
3779281
3779396
3779607
3779623
3779635
3779678
3779716
3779745
3779840
3779867
3779994
3779997
3780013
3780024
3869337
3869344
3869350
3869458
3869641
3869788
3869811
3869864
3869868
3869872
3869880
3870024
3870192
3870204
3870206
3870216
3870451
3870546
3870611
3870638
3870830
3891471
3891664
3891872
3891964
3892051
3892077
3892354
3892355
3892500
3892507
3892508
3892575
3892716
4167776
4167802
4167820
4167896
4167898
4167900
4167991
4168118
4168121
4168127
4168157
4168165
4168178
4168183
4168200
4168215
4168542
4168560
4168578
4168911
4168945
4168984
4168995
4169069
4169196
4169259
4169290
4169651
4169660
4169707
4169708
4169771
4169860
4360930
4360938
4360951
4361152
4361171
4361184
4361204
4361205
4361206
4361218
4366586
4366739
4366771
4366778
4366782
4366803
4366841
4366847
4366877
4366881
4375221
4375226
4375234
4375244
4375273
4375278
4375315
4375324
4375350
4375376
4375378
4405568
4405583
4405584
4405609
4405651
4405663
4405670
4405671
4405683
4405706
4405715
4405746
4405748
4405754
4405755
4405762
4405771
4405773
4405780
4405787
4405841
4405859
4405872
4405876
4405890
4405896
4405949
4405951
4405957
4405982
4405994
4406005
4406006
4406023
4407616
4407633
4407634
4407655
4407675
4408095
4408097
4408125
4408183
4408200
4408201
4408248
4408269
4408326
4408336
4653710
4653714
4653799
4653829
4653883
4653888
4653995
4653996
4654034
4654080
4654086
4654116
4654134
4654324
4654342
4654564
4654644
4654684
4967226
4967240
4967251
4967272
4967286
4967300
4967313
4967327
4967330
4967333
4967439
4967447
4967459
4967466
4967468
4967508
4967569
4967579
4967593
4967599
4967605
4967607
4967608
4967612
4967618
4975360
4975488
4975651
5063415