3599323
3776819
3776861
3776901
3776942
3776945
3776972
3777011
3777037
3777055
3777081
3777092
3777123
3777125
3777199
3777811
3777831
3777847
3777865
3777877
3777906
3777964
3777985
3778067
3778090
3778121
3779173
3779361
3779401
3779501
3779505
3779603
3779722
3780011
3869259
3869514
3869605
3869607
3869639
3869647
3869806
3870014
3870180
3870189
3870219
3870416
3870453
3870457
3870465
3870619
3870633
3870649
3891434
3892053
3892111
3892115
3892599
3892612
3892673
4167843
4167993
4167998
4168029
4168069
4168091
4168114
4168163
4168203
4168563
4168595
4169058
4169110
4169191
4169255
4169299
4169605
4169632
4169698
4169720
4169846
4360937
4361139
4361143
4361148
4361164
4361173
4361203
4366584
4366722
4366746
4366764
4366775
4366787
4366796
4366812
4366821
4366834
4375214
4375228
4375313
4375358
4375375
4405570
4405579
4405581
4405637
4405652
4405661
4405680
4405895
4405930
4407580
4407680
4407986
4408088
4408179
4408272
4588356
4653701
4653771
4653836
4653862
4654029
4654040
4654065
4654105
4654124
4654128
4654394
4654426
4654435
4654567
4654581
4654583
4654599
4654640
4654667
4654673
4967224
4967278
4967284
4967302
4967311
4967334
4967417
4967462
4967471
4967473
4967505
4967520
4967614
4975396
5042134